day	month	year	count	sum
29	10	2015	1	3177
30	10	2015	0	3177
31	10	2015	1	3178
1	11	2015	8	3186
2	11	2015	2	3188
3	11	2015	1	3189
4	11	2015	13	3202
5	11	2015	3	3205
6	11	2015	8	3213
7	11	2015	5	3218
8	11	2015	0	3218
9	11	2015	0	3218
